name Level 3
width 3000
start 100 20
tiles
# Ground floor — big gaps
0 0 380 20 0.60 0.50 0.35
480 0 300 20 0.60 0.50 0.35
880 0 260 20 0.60 0.50 0.35
1240 0 300 20 0.60 0.50 0.35
1660 0 240 20 0.60 0.50 0.35
2060 0 220 20 0.60 0.50 0.35
2420 0 280 20 0.60 0.50 0.35
2800 0 200 20 0.60 0.50 0.35
# Early platforms
160 60 80 20 0.55 0.45 0.30
300 100 80 20 0.55 0.45 0.30
480 60 80 20 0.55 0.45 0.30
660 120 80 20 0.55 0.45 0.30
880 80 80 20 0.55 0.45 0.30
# Key 1 tower — left side
1000 100 80 20 0.55 0.45 0.30
1000 160 80 20 0.55 0.45 0.30
1000 220 80 20 0.55 0.45 0.30
1060 80 80 20 0.55 0.45 0.30
# Middle platforms
1240 60 80 20 0.55 0.45 0.30
1400 120 80 20 0.55 0.45 0.30
1560 80 80 20 0.55 0.45 0.30
# Key 2 tower — middle
1660 100 80 20 0.55 0.45 0.30
1660 180 80 20 0.55 0.45 0.30
1620 260 80 20 0.55 0.45 0.30
1800 80 80 20 0.55 0.45 0.30
# Late platforms — hardest gaps
1960 140 80 20 0.55 0.45 0.30
2100 100 80 20 0.55 0.45 0.30
2260 160 80 20 0.55 0.45 0.30
# Key 3 tower — right side
2380 100 80 20 0.55 0.45 0.30
2380 180 80 20 0.55 0.45 0.30
2380 260 80 20 0.55 0.45 0.30
2340 340 80 20 0.55 0.45 0.30
2560 80 80 20 0.55 0.45 0.30
2720 120 80 20 0.55 0.45 0.30
2880 60 80 20 0.55 0.45 0.30
exit
2940 20 50 60
keys
1015 240 20 20
1635 280 20 20
2355 360 20 20