name    The Clockwork
width   2500
start   80 20

tiles

# ground
# start left side
0 0 300 20        0.25 0.42 0.60
380 0 700 20        0.25 0.42 0.60
1160 0 500 20         0.25 0.42 0.60
1740 0 280 20         0.25 0.42 0.60
2100 0 400 20         0.25 0.42 0.60

# left side
0 20 20 200 0.18 0.32 0.50
0 220 300 20 0.18 0.32 0.50
50 70 160 20 0.35 0.55 0.72

# middle step
# ~85 px
720 65  80 20    0.30 0.50 0.68
800 143 80 20    0.30 0.50 0.68
720 219 80 20    0.30 0.50 0.68
800 297 80 20    0.30 0.50 0.68
720 373 80 20    0.30 0.50 0.68
400 373 320 20   0.35 0.55 0.72

# top 
600 445 900 20    0.35 0.55 0.72

# right
1550 363 120 20     0.30 0.50 0.68
1710 263 120 20     0.30 0.50 0.68
1850 163 170 20     0.30 0.50 0.68
2050 100 120 20     0.30 0.50 0.68
2200 70 120 20     0.30 0.50 0.68

exit
2410 20 50 60

keys
120 90 20 20
720 465 20 20
1380 465 20 20
2100 120 20 20
