# Level 1 — Coastal Cliffs
name    Coastal Cliffs
width   3600
theme   ocean
start   100 40

tiles
0     0    900   20   0.35  0.65  0.25
1000  0    900   20   0.35  0.65  0.25
2000  0    900   20   0.35  0.65  0.25
2900  0    700   20   0.35  0.65  0.25
250   120  180   20   0.55  0.40  0.25
550   220  180   20   0.55  0.40  0.25
820   320  180   20   0.55  0.40  0.25
1100  180  180   20   0.55  0.40  0.25
1400  260  180   20   0.55  0.40  0.25
1700  140  180   20   0.55  0.40  0.25
2100  200  180   20   0.55  0.40  0.25
2400  300  180   20   0.55  0.40  0.25
2700  160  180   20   0.55  0.40  0.25
720   20   20    120  0.30  0.30  0.70
400   340  120   20   0.70  0.30  0.30

exit
3320  20   80    120