name Level 2
width 2500
start 100 20
tiles
# Ground floor — wider gaps
0 0 420 20 0.80 0.70 0.50
500 0 380 20 0.80 0.70 0.50
980 0 320 20 0.80 0.70 0.50
1400 0 360 20 0.80 0.70 0.50
1860 0 280 20 0.80 0.70 0.50
2260 0 240 20 0.80 0.70 0.50
# Platforms
160 60 100 20 0.72 0.62 0.42
340 80 100 20 0.72 0.62 0.42
560 60 100 20 0.72 0.62 0.42
760 80 100 20 0.72 0.62 0.42
1040 60 100 20 0.72 0.62 0.42
# Key tower 
1200 80 100 20 0.72 0.62 0.42
1200 140 100 20 0.72 0.62 0.42
1150 200 100 20 0.72 0.62 0.42
1420 60 100 20 0.72 0.62 0.42
1620 80 100 20 0.72 0.62 0.42
1920 60 100 20 0.72 0.62 0.42
2100 80 100 20 0.72 0.62 0.42
2320 60 100 20 0.72 0.62 0.42
exit
2380 20 50 60
keys
1165 220 20 20
